#col.tests <- c("#15CEBD","#1E88E5","#D81B60","#FFC107")
#col.tests <- c("#0C7BDC", "#FFC20A", "#D81B60")

col.tests <- c("#009E73","#1E88E5", "#D81B60", "#FFC20A")

col.intercept <- c("#648FFF", "#785EF0", "#DC267F", "#FE6100", "#FFB000")

col.glm <- c("#E1BE6A","#40B0A6")

#col.glm <- c("olivedrab4","mediumpurple3")
#col.glm <- c("darkred",  "#27408B")

#c("#3A5FCD", "#1C86EE", "#000080", "#27408B", "#A52A2A", "#B22222")